70265
7309
61792
58784
129335
58118
117361
57645
116295
47342
121640
47302
96367
37762
89921
11096
85362
10841
76783
8966
63410
6889
56467
54303
127417
52610
126465
10866
105423
9847
90307
8702
76608
8517
76207
8305
64410
7666
63939
6922
72353
5988
67169
66876
131089
58054
129366
57827
121650
11166
121599
10654
116241
10130
119225
9629
98018
8615
83061
7889
58394
5368
50507
28064
132579
10829
129186
10443
123161
9401
117056
9183
93404
8922
66049
7287
79588
7101
58607
5617
58103
5339
58035
54123
128048
47235
121907
9920
115725
9733
93364
8272
67812
7460
64316
6056
59017
6017
58803
5718