124745
11202
121769
129157
133100
95934
132084
92023
131702
80629
130570
34181
130507
11291
130050
11261
129842
11221
128602
11217
123381
11507
121445
118121
130902
106532
130653
94275
129811
94273
129190
85723
128305
34698
128028
11536
124760
11535
122524
11512
115008
12071
109277
108172
133486
94837
131586
39203
127374
34087
126811
34086
126718
12160
127494
12149
125343
12139
117771
12081
129126
12161
131293
126338
133495
126280
134023
123864
132806
123211
132308
97707
133890
80693
132653
74084
130595
44781
129543
12167
114562
11664
112142
108309
130972
101260
128070
96113
126593
93547
125911
83575
120275
68052
116070
11812
126774
11791
112040
11756
70265
7309
61792
58784
129335
58118
117361
57645
116295
47342
121640
47302
96367
37762
89921
11096
85362
10841
76783
8966
129744
14626
132403
128020
133718
127081
133182
126854
132949
111303
132295
111302
132309
109307
132053
110674
131061
78453
130120
72888
80811
14661
68205
60577
128861
30475
126913
15489
123388
15459
112314
15355
108267
15350
107719
15210
107309
15104
87376
14833
32003
15734
31925
31920
126533
31854
122546
31835
115861
16068
89639
16024
61630
15860
56763
15853
48492
15786
37331
15778
82725
16707
77172
60686
130371
60682
130372
59237
128875
57455
124619
52786
119560
52249
111857
52123
101395
52102
88335
16765
90672
17872
82839
33298
127868
33265
123156
33244
120466
18046
118702
18037
118176
18022
115068
17986
109237
17955
91201
17951
102914
12868
87323
69420
126970
69289
126188
60466
120113
54485
117926
40546
116479
40043
109244
37667
107462
12935
102210
12876
129865
18166
121710
123933
133809
118929
132986
114736
132973
68418
130664
47769
130492
38228
130083
18332
128974
18282
128653
18261
42211
18643
42166
36849
129078
19899
120664
19890
103801
19454
77294
19167
79805
18998
61477
18969
54989
18789
47775
18691
59328
16793
56129
52375
130745
51576
126941
30932
123701
30790
112151
17459
80930
17321
71480
17059
70996
17027
78897
16802
41104
13037
41070
40711
113279
31805
109665
31793
97290
31762
87616
31717
83577
31596
81583
13448
43596
13356
42582
13320
125822
20292
119449
121073
132759
124964
131406
105012
131213
101484
129838
101482
127290
82464
125733
73320
124609
33548
123892
20367
57162
20687
51112
47981
128912
38302
131655
29533
125189
29309
129621
21703
122213
21621
121477
21448
109133
21070
73344
20835
91983
11393
88350
53126
132151
53122
126791
41146
123744
40676
123422
40662
118367
35306
108638
33937
96243
11447
97863
11429
33194
22622
33149
22966
126249
22957
118197
22947
111410
22928
92466
22779
86385
22763
48023
22709
38620
22665
35411
22623
41637
23002
36807
23659
131801
23590
121045
23440
117553
23324
114374
23268
74016
23096
61122
23073
55426
23038
51586
23007
53222
248
39648
38686
111106
29233
82963
4909
74996
4312
79334
4202
67014
4085
64816
3082
64164
518
53762
252
68858
23943
55648
48202
131450
32287
128781
32143
127685
25847
130384
25763
108483
24069
107235
24039
95077
23959
78227
23944
68760
23738
56387
51221
128547
41375
123251
40620
120758
38595
118203
34020
117715
34007
115748
34001
103711
23870
69733
23869
60528
14041
54576
32967
132040
32907
130452
32813
129609
14387
126532
14263
122356
14068
120030
14064
94403
14047
72868
14044
94437
24094
93995
93988
132698
83367
132111
55541
131410
48128
123020
39059
121975
24548
119462
24380
105187
24358
95354
24186
82451
17589
82085
78584
131684
78231
127356
69531
123960
68396
122656
52024
120978
37040
121381
33417
118171
17755
98601
17669
128641
129212
125534
125394
132874
125195
133985
124959
132811
124637
130628
124464
129180
122592
128403
120349
127089
117718
127055
116159
119646
25268
117692
114457
132340
106773
127110
90941
126626
73590
126627
68834
129143
40490
129042
38461
121294
33738
121220
25396
124956
25656
122003
115548
133877
104420
133788
105190
133827
103220
133597
84230
130156
65818
128345
33881
127171
25699
123819
25665
36115
12028
26928
26869
131809
26514
125896
26121
125385
22486
124418
22396
123910
22370
107327
20551
104346
13771
86584
13708
63410
6889
56467
54303
127417
52610
126465
10866
105423
9847
90307
8702
76608
8517
76207
8305
64410
7666
63939
6922
72353
5988
67169
66876
131089
58054
129366
57827
121650
11166
121599
10654
116241
10130
119225
9629
98018
8615
83061
7889
58394
5368
50507
28064
132579
10829
129186
10443
123161
9401
117056
9183
93404
8922
66049
7287
79588
7101
58607
5617
58103
5339
58035
54123
128048
47235
121907
9920
115725
9733
93364
8272
67812
7460
64316
6056
59017
6017
58803
5718
127436
6382
123474
121229
134100
119872
133649
109689
133299
102339
133096
83033
133430
54058
132409
52577
132221
10542
131383
7441
87039
5401
83012
74607
132561
39843
131947
27783
131334
9678
130961
8997
126436
8892
124986
7627
118400
7593
105850
5556
126768
6930
126515
126057
133900
125855
133279
123762
133199
121933
133223
98273
132601
67841
131888
57953
131172
50280
130509
7937
119909
7898
117552
108373
132877
101072
132750
101069
132865
101847
129922
88739
129720
87937
128539
65549
128009
58716
123084
39784
101209
6443
103534
79237
132921
55713
131330
54027
130644
34802
128185
27651
126349
11122
120972
10044
119839
9654
106988
8669
132882
5870
129210
123478
133606
118837
133403
110203
133414
109475
133065
101218
131225
105768
131043
83400
129597
10176
128666
6193
123841
6217
108819
103329
133815
96025
133104
95219
132769
90327
130441
89887
130763
66208
127917
58393
125635
9205
112039
9003
133398
6787
119660
102994
133262
94392
133166
83083
132763
66865
130834
51898
129279
35347
129262
10134
127493
8263
127346
7677
115824
27996
109861
109976
130576
107841
130443
101079
128663
95492
127598
85329
127030
77717
126478
88772
125274
59035
122687
47259
112433
6775
106494
102692
132498
75922
131429
61325
130279
59081
129204
57268
129200
44734
130187
10319
127031
8373
123871
7067
103954
6303
101134
102390
133820
88449
132960
83337
132613
63083
132158
9474
126416
8788
123655
7872
127981
7742
127968
7733
111109
9827
107393
107389
132954
72310
132699
65714
131955
65219
129723
58319
129184
47069
126288
46501
125236
37788
119252
10171
120952
7032
118397
117015
132975
110418
132789
107564
133470
39850
130992
35761
130194
28408
130105
27869
128237
9702
122700
7835
110308
6917
96184
88310
132060
67614
131983
65976
130435
65666
128579
55755
126025
48318
123808
39963
120073
39913
119668
11031
58730
5366
58219
56477
132920
46376
119230
39829
105315
34410
97192
28434
107075
10965
83027
10504
90223
10340
60052
6118
58018
5737
51809
40502
133802
35748
133282
10978
121815
10831
120864
10634
95220
8945
83483
8882
81714
8774
58506
7070
116506
1726
110440
65168
132212
64120
132138
45142
131057
44029
130513
39378
126581
38735
126122
4599
123857
2538
119203
1997
53220
562
50164
46149
127009
45129
126995
44292
126050
28991
117283
5166
125796
4383
98569
3768
93321
2101
87047
858
62463
30
45070
43798
126940
42297
126385
39641
126520
3439
125235
3150
122665
1526
119188
567
118058
269
69961
89
103149
299
78853
75128
131035
66406
130779
45336
128412
44421
120770
35589
121132
35579
115755
5292
116487
3786
100976
374